   -72352060   554316268   621089188 -1386478168
  1560702021   290951911  -622945231    90959236
  -660599121   442659690  -437839862   833169050
    38774915 -1820646232 -2059458737  1634456136
  -728556819   164070427  -144475445 -1115079606
 -1697507947   172134875    52885853 -1558035589
  -947362252   -51593373  -278383981 -1470296670
  1598801617  -119219478   982413479  1536067868
  1312487752   288558352 -1639686160  -437190481
  -606322014  1067746066  1829024468   532492448
   172708004  -955938700  2132179238   889917267
   230978629  1030896852  -623344618  1375784225
   800495031 -1539255217  2100391305  -489891391
   634428875  -495035856  1225574406  1364411818
  2105836156   424581029  1021816952    16636357
  1368474939   273893462 -1450912337 -1801812297
 -2139755250  1477522112  -997725247   734463891
  -992750334 -1274094012 -1483174018  1396257323
   165102373   834830643   594164696  1258779973
 -1004356334   309101553  -864659210   566032513
  -611772041  1724080220 -1847909263  1768764817
  1028333413  1391221817   964471128  1519826736
   -52147665   462484312  1360846189  1317318075
  1591777389  1625072273   695278086  -283120250
 -1426923038  1731453204  1811844568  -437019130
  1059138031 -1937139241 -1397484188  1145864485
  2081466984  -144765976   560877721   -92424780
 -1718104434  1990871041   690971127  2007055006
  -616363692  1863671767  2116681288  1400709362
  1176912932 -1865197848  1777209160  1936127965
  -219048179   138491240  1867581076 -1136983925
  -464105763   734372264  -354859131   972202264
   597826566  2134984429  1936085352 -1680948181
 -1123536201 -1027405427  1324796054   668914036
   256055981  -842691322 -1437572040  1186290680
 -1427323468   392815903 -1981954869  1491409538
  1375044354  1867590734 -2024119812   682054751
 -1300944175   -41766875
